103,6,default,85,90,52,2
105,6,default,83,90,52,2
107,6,default,79,90,52,2
109,6,default,81,90,52,2
111,6,default,75,90,52,2
113,18,default,69,81,54,2
115,18,default,69,79,54,2
117,18,default,69,75,54,2
119,18,default,69,83,54,2
121,18,default,69,85,54,2
123,18,default,81,98,54,2
125,18,default,79,96,54,2
127,18,default,75,92,54,2
129,18,default,75,94,54,2
                           
                           
173,141,admin,167,169,157,2
174,141,admin,167,171,157,2
                          
                          
                           
217,22,admin,169,198,132,2
220,22,admin,169,218,132,2
233,205,admin,171,232,208,2
242,205,admin,167,241,208,2
247,205,admin,169,246,208,2
252,141,admin,167,251,157,2
254,141,admin,167,253,157,2
256,205,admin,253,255,208,2
259,205,admin,251,258,208,2
                          
                          
442,22,admin,438,440,132,2
444,22,admin,167,440,132,2
577,205,admin,167,246,208,2
